-3.616265258789062500e+02,-2.762896728515625000e+02,-4.361893920898437500e+02,-1.312878112792968750e+02,-4.241629638671875000e+02,-2.775730590820312500e+02,-4.983419494628906250e+02,-4.118543701171875000e+02,-2.886480102539062500e+02,-1.675799560546875000e+02,-4.644741516113281250e+02,9.408162689208984375e+01,-4.581152954101562500e+02,-4.840382385253906250e+02,-4.747772521972656250e+02,-1.683315734863281250e+02
3.003861694335937500e+02,3.793393859863281250e+02,1.584958801269531250e+02,4.272346191406250000e+02,1.340901336669921875e+02,2.548151855468750000e+02,-5.537178802490234375e+01,-1.788995513916015625e+02,3.831166687011718750e+02,5.034384460449218750e+02,-7.799211120605468750e+01,5.934295043945312500e+02,8.336367034912109375e+01,5.155800628662109375e+01,7.644622039794921875e+01,2.161636161804199219e+01
-6.429257202148437500e+01,-6.218719100952148438e+01,3.033309326171875000e+02,-2.266865844726562500e+02,8.247246551513671875e+01,-8.308241271972656250e+01,1.826473388671875000e+02,5.335385513305664062e+01,1.461974029541015625e+02,-1.133474807739257812e+02,6.199285888671875000e+02,-2.101385345458984375e+02,-2.277462196350097656e+01,2.222517700195312500e+02,9.882495880126953125e+01,6.818125152587890625e+01
-1.176933212280273438e+02,-1.949216766357421875e+02,3.647018814086914062e+01,-2.117007141113281250e+02,-1.456873931884765625e+02,-2.239745025634765625e+02,-4.876281738281250000e+01,-1.431856536865234375e+02,-5.497068786621093750e+01,-2.441293029785156250e+02,1.033896026611328125e+02,-2.194667205810546875e+02,-2.047212066650390625e+02,-1.208114624023437500e+02,-5.898845291137695312e+01,-5.989734268188476562e+01
-1.764469909667968750e+01,6.899921417236328125e+00,-4.155440673828125000e+02,1.970549316406250000e+02,-1.320595703125000000e+02,-2.014293518066406250e+02,-4.226437072753906250e+02,-5.598305130004882812e+01,-1.593998413085937500e+02,1.112058563232421875e+02,-6.438333740234375000e+02,1.497588653564453125e+02,-1.193436203002929688e+02,-4.136677856445312500e+02,-2.265254669189453125e+02,-2.223235702514648438e+01
-3.060237121582031250e+02,-1.277446517944335938e+02,-4.584664001464843750e+02,-5.333992385864257812e+01,-3.981018066406250000e+02,-3.259075927734375000e+02,-6.199888305664062500e+02,-3.665641784667968750e+02,-3.612164611816406250e+02,-4.191594314575195312e+01,-6.150851440429687500e+02,1.646514320373535156e+01,-4.438955078125000000e+02,-4.984300537109375000e+02,-5.007375793457031250e+02,-1.058842239379882812e+02
-2.715460586547851562e+01,-2.710192871093750000e+02,2.450384674072265625e+02,-2.774663696289062500e+02,3.110674743652343750e+02,-3.934657287597656250e+01,6.947777099609375000e+02,3.043799743652343750e+02,9.682708740234375000e+01,-4.174452514648437500e+02,5.919451293945312500e+02,-4.309764709472656250e+02,5.698025512695312500e+02,4.531148986816406250e+02,3.944857482910156250e+02,1.824423675537109375e+02
-1.441776123046875000e+02,-4.368017959594726562e+01,-5.934153366088867188e+01,-8.361930084228515625e+01,-1.240414276123046875e+02,-5.257183074951171875e+01,-1.730097351074218750e+02,-7.881266784667968750e+01,-5.592947387695312500e+01,-1.077469787597656250e+02,2.175470733642578125e+01,3.760107421875000000e+01,-5.644688415527343750e+01,2.326562118530273438e+01,7.746515655517578125e+01,-8.674108123779296875e+01
1.264913864135742188e+02,1.089953689575195312e+02,1.158026809692382812e+02,2.696049194335937500e+02,-1.368250083923339844e+01,1.445379943847656250e+02,-1.261671829223632812e+02,1.199813613891601562e+02,2.719972229003906250e+02,2.206706695556640625e+02,1.183519897460937500e+02,3.025374450683593750e+02,-9.672584533691406250e+01,-2.409093856811523438e+01,1.719473266601562500e+01,1.276040725708007812e+02
-2.018096208572387695e+00,-4.249203205108642578e+00,6.416978454589843750e+01,-8.998292541503906250e+01,3.147129440307617188e+01,1.541073455810546875e+02,1.956186981201171875e+02,6.122771835327148438e+01,-5.408942031860351562e+01,-1.040514144897460938e+02,3.070783424377441406e+01,-1.728744049072265625e+02,2.464552764892578125e+02,2.692513122558593750e+02,2.240121154785156250e+02,1.560854644775390625e+02
2.829563903808593750e+01,1.037639617919921875e+02,3.915809631347656250e+01,1.601638793945312500e+02,-5.447166061401367188e+01,2.312743835449218750e+02,-4.057108306884765625e+01,1.612893486022949219e+01,2.932294082641601562e+01,1.515250701904296875e+02,-2.327797174453735352e+00,2.063758392333984375e+02,1.121760711669921875e+02,2.521742248535156250e+02,9.548189544677734375e+01,4.192245101928710938e+01
1.999685058593750000e+02,1.489551086425781250e+02,2.421588134765625000e+02,2.250762634277343750e+02,1.215002212524414062e+02,1.202869567871093750e+02,3.888348817825317383e+00,-2.078543853759765625e+02,9.952707672119140625e+01,2.195245971679687500e+02,2.566573791503906250e+02,3.470005187988281250e+02,6.186366653442382812e+01,-3.124763250350952148e+00,3.019181013107299805e+00,-6.672775268554687500e+01
9.633785247802734375e+00,2.810793495178222656e+01,6.652980327606201172e+00,1.689637298583984375e+02,-5.470592880249023438e+01,1.289028015136718750e+02,2.304001464843750000e+02,5.313893508911132812e+01,2.820062828063964844e+01,6.257323837280273438e+01,1.229129409790039062e+01,2.379211425781250000e+02,-6.128129196166992188e+01,2.754724121093750000e+02,3.065565185546875000e+02,7.470102691650390625e+01
2.998292236328125000e+02,3.811844787597656250e+02,1.803412780761718750e+02,2.327715759277343750e+02,-3.605982971191406250e+01,2.678931579589843750e+02,4.699467086791992188e+01,-1.979647064208984375e+02,2.385969390869140625e+02,4.734263000488281250e+02,7.972933197021484375e+01,3.870903625488281250e+02,-5.895574951171875000e+01,-4.241151809692382812e-01,1.533861236572265625e+02,-4.882756042480468750e+01
1.118628845214843750e+02,1.299050140380859375e+02,1.496751251220703125e+02,1.637335662841796875e+02,1.288459472656250000e+02,1.410483703613281250e+02,2.827756702899932861e-01,4.604382324218750000e+01,1.980152130126953125e+02,1.877559661865234375e+02,8.639943695068359375e+01,1.780741882324218750e+02,-3.792272567749023438e+01,-1.691159439086914062e+01,1.584770774841308594e+01,-1.506970310211181641e+01
2.287927055358886719e+01,-1.091825027465820312e+02,2.775181884765625000e+02,-1.953975372314453125e+02,2.805065307617187500e+02,-1.118662109375000000e+02,3.809165954589843750e+02,2.626586303710937500e+02,1.494928131103515625e+02,-3.080689086914062500e+02,6.466525268554687500e+02,-3.508155517578125000e+02,1.264591674804687500e+02,7.881038665771484375e+01,2.370366516113281250e+02,1.753836669921875000e+02
-2.370177612304687500e+02,-5.741156005859375000e+02,3.325419006347656250e+02,-7.157891235351562500e+02,-2.808553695678710938e+01,-2.480657348632812500e+02,4.922355041503906250e+02,-3.230345764160156250e+02,5.602231597900390625e+01,-7.739252319335937500e+02,7.932761840820312500e+02,-7.944773559570312500e+02,-1.926779174804687500e+02,2.526961364746093750e+02,4.031458740234375000e+02,-1.904571685791015625e+02
-2.293085784912109375e+02,-1.172069854736328125e+02,-2.378093414306640625e+02,-1.361708526611328125e+02,-1.825352020263671875e+02,-1.610835723876953125e+02,-8.425325012207031250e+01,-2.348610076904296875e+02,-2.754311828613281250e+02,-2.152187194824218750e+02,-2.506967620849609375e+02,-1.753288726806640625e+02,-3.313860321044921875e+01,-6.502210235595703125e+01,-2.957775573730468750e+02,-1.493317108154296875e+02
-9.543466949462890625e+01,-3.720187377929687500e+02,1.105102462768554688e+02,-3.910964050292968750e+02,3.373699951171875000e+01,-1.576753692626953125e+02,6.732644653320312500e+01,1.983920288085937500e+02,1.040154576301574707e+00,-4.554858703613281250e+02,3.455542907714843750e+02,-3.851654052734375000e+02,-1.291193695068359375e+02,1.133088455200195312e+02,-1.533492889404296875e+02,9.659198760986328125e+01
-1.573686828613281250e+02,5.816415786743164062e+00,1.666606750488281250e+02,-5.835717201232910156e+00,8.065666198730468750e+00,-2.100400695800781250e+02,9.646138000488281250e+01,2.690509338378906250e+02,-9.277685546875000000e+01,-7.583601379394531250e+01,2.218991699218750000e+02,-1.625305533409118652e+00,-1.001367568969726562e+02,-1.465789947509765625e+02,-8.968200683593750000e+00,1.260643997192382812e+02
