6.619773101806640625e+01,2.742367553710937500e+02,-2.210501861572265625e+02,4.701022033691406250e+02,3.447079467773437500e+02,5.089173889160156250e+02,-6.166744995117187500e+01,1.724821014404296875e+02
1.798984375000000000e+02,-9.926119232177734375e+01,5.375740356445312500e+02,-2.791228027343750000e+02,-2.539183349609375000e+02,-5.140874023437500000e+02,4.720966491699218750e+02,1.903613739013671875e+02
-4.522285461425781250e-01,2.657814636230468750e+02,-6.592427253723144531e+00,2.610632324218750000e+02,3.468984680175781250e+02,5.761965942382812500e+02,-3.600759277343750000e+02,8.106486511230468750e+01
-7.560305786132812500e+01,1.823153076171875000e+02,-2.146753082275390625e+02,1.402576141357421875e+02,2.307530212402343750e+02,3.728568420410156250e+02,-2.146517028808593750e+02,-1.262717819213867188e+02
-1.020744934082031250e+02,-3.769707202911376953e+00,-2.508293762207031250e+02,4.596796417236328125e+01,-4.245633602142333984e+00,-6.583076715469360352e-01,-1.535837097167968750e+02,2.869049453735351562e+01
-2.201711730957031250e+02,-2.446346740722656250e+02,3.307691192626953125e+01,-1.891618499755859375e+02,-2.375913238525390625e+02,-3.036663208007812500e+02,-2.812629890441894531e+01,-1.697739257812500000e+02
-2.146670532226562500e+02,-1.905282287597656250e+02,-3.125424499511718750e+02,-8.703443145751953125e+01,-2.586119079589843750e+02,-1.674293060302734375e+02,-2.571120605468750000e+02,7.209205031394958496e-01
1.067963562011718750e+02,1.570987033843994141e+01,2.150704040527343750e+02,-7.735456085205078125e+01,1.364981689453125000e+02,6.185105323791503906e+00,2.672215270996093750e+02,4.476776123046875000e+01
-2.808271980285644531e+01,3.066235351562500000e+02,-8.733902740478515625e+01,2.416607360839843750e+02,2.423585205078125000e+02,4.464493408203125000e+02,2.560614013671875000e+01,1.073773727416992188e+02
1.136431427001953125e+02,-1.411330108642578125e+02,4.422966003417968750e+01,-8.674448394775390625e+01,-1.256984863281250000e+02,-2.838975524902343750e+02,8.342751312255859375e+01,7.295353698730468750e+01
