6.353473281860351562e+01,-9.105451202392578125e+01,-1.159513931274414062e+02,1.201938171386718750e+02,-1.118972778320312500e+02,-6.506278991699218750e+00,-2.000552215576171875e+02,5.914252853393554688e+01
-5.009009552001953125e+01,-1.790883178710937500e+02,3.234508514404296875e+01,-3.539026794433593750e+02,-6.870431518554687500e+01,-2.871309509277343750e+02,-5.302027130126953125e+01,-2.199071807861328125e+02
-1.815867462158203125e+02,-2.422012138366699219e+01,-3.891656188964843750e+02,2.438330993652343750e+02,-1.782445373535156250e+02,1.460343780517578125e+02,-3.499312438964843750e+02,3.119457397460937500e+02
1.420998382568359375e+02,3.004077148437500000e+01,3.927237854003906250e+02,-6.277129745483398438e+01,1.279302444458007812e+02,1.956123046875000000e+02,1.758689422607421875e+02,-2.938054466247558594e+01
4.063331604003906250e+01,4.911288070678710938e+01,1.771724090576171875e+02,1.467054748535156250e+01,8.928076934814453125e+01,1.631312561035156250e+02,2.506546783447265625e+02,-2.705455627441406250e+02
-1.271380157470703125e+02,-1.088135147094726562e+02,4.411062927246093750e+02,-2.280369567871093750e+02,-1.287948760986328125e+02,-3.302280578613281250e+02,1.337876281738281250e+02,-8.731641387939453125e+01
-1.270444412231445312e+02,-6.184376144409179688e+01,3.140355224609375000e+02,1.496232604980468750e+01,-1.642824096679687500e+02,2.162617683410644531e+01,-2.970411071777343750e+02,-1.134307384490966797e+01
1.313747100830078125e+02,-6.065359878540039062e+01,-3.734672546386718750e+01,-9.627664184570312500e+01,3.367492370605468750e+02,-1.287885437011718750e+02,4.925502014160156250e+02,-1.685172119140625000e+02
-1.400840148925781250e+02,-7.658078765869140625e+01,-2.276397094726562500e+02,-8.108935546875000000e+01,-1.371885070800781250e+02,2.883950996398925781e+01,-4.356080322265625000e+02,-5.299935913085937500e+01
-1.127822799682617188e+02,-1.448825073242187500e+02,1.579964294433593750e+02,-9.658069610595703125e+01,-1.553963470458984375e+02,-2.182176208496093750e+02,-1.905881881713867188e+01,5.835625076293945312e+01
-1.526785888671875000e+02,-4.635674667358398438e+01,-2.356776428222656250e+02,1.497929229736328125e+02,-1.049276199340820312e+02,9.905992889404296875e+01,-2.331058654785156250e+02,5.974045944213867188e+01
3.231458663940429688e+01,1.192302627563476562e+02,-1.528338012695312500e+02,1.749651641845703125e+02,2.005629272460937500e+02,3.924930114746093750e+02,-9.864968872070312500e+01,1.369959106445312500e+02
-6.033322906494140625e+01,3.318754196166992188e+01,-6.728649291992187500e+02,2.817225341796875000e+02,-1.059370994567871094e+01,3.429655456542968750e+02,-5.119042358398437500e+02,1.667404632568359375e+02
2.530092926025390625e+02,6.920043182373046875e+01,4.049230346679687500e+02,3.034895896911621094e+01,3.028967285156250000e+02,2.856696248054504395e-01,4.732300720214843750e+02,9.797257995605468750e+01
1.226266479492187500e+02,1.411758899688720703e+01,2.720211486816406250e+02,1.293233032226562500e+02,1.417508850097656250e+02,1.280998535156250000e+02,2.883264541625976562e+01,2.766171264648437500e+02
1.173481750488281250e+02,8.884793090820312500e+01,-3.691892395019531250e+02,5.847395706176757812e+01,-1.399567985534667969e+01,1.984758758544921875e+02,3.713791656494140625e+01,4.446239471435546875e+01
1.375082855224609375e+02,2.252682342529296875e+02,2.777156372070312500e+02,5.452504730224609375e+01,1.090769042968750000e+02,-4.991134643554687500e+01,1.152224273681640625e+02,2.283157157897949219e+01
-1.873726654052734375e+02,-1.143461532592773438e+02,5.847694778442382812e+01,-1.913023071289062500e+02,-2.119282684326171875e+02,-5.295495223999023438e+01,-5.491560363769531250e+01,-2.641939353942871094e+01
-2.062862243652343750e+02,-2.679648742675781250e+02,-4.249242782592773438e+01,-1.929127883911132812e+01,-1.680338592529296875e+02,-6.312759780883789062e+01,-1.772814788818359375e+02,-1.593708648681640625e+02
-2.038774566650390625e+02,-1.728859405517578125e+02,-2.296075286865234375e+02,5.266359329223632812e+01,-1.016703872680664062e+02,1.426266174316406250e+02,-2.845997619628906250e+02,-1.488655376434326172e+01
